Main experimental: Grafs bipartits comprovar connectivitat connex/ no connex.

Calcul del 0 fins 20% de probabilitat augmentat de 0.2 en 0.2

Tamany del graf: 70.
200 0
200 0
200 0
200 0
200 0
200 0
200 0
200 0
200 0
200 0
200 0
200 0
200 0
200 0
200 0
200 0
200 0
200 0
200 0
200 0
200 0
200 0
200 0
200 0
200 0
200 0
200 0
200 0
200 0
200 0
198 2
199 1
199 1
200 0
198 2
191 9
198 2
195 5
198 2
198 2
191 9
185 15
188 12
186 14
185 15
159 41
170 30
164 36
172 28
167 33
147 53
138 62
142 58
135 65
136 64
103 97
115 85
108 92
119 81
114 86
88 112
95 105
80 120
86 114
80 120
65 135
66 134
67 133
47 153
52 148
47 153
49 151
52 148
37 163
43 157
30 170
32 168
35 165
30 170
32 168
20 180
15 185
15 185
29 171
20 180
12 188
14 186
12 188
12 188
19 181
7 193
9 191
13 187
6 194
12 188
6 194
5 195
2 198
5 195
4 196
6 194
Tamany del graf: 100.
200 0
200 0
200 0
200 0
200 0
200 0
200 0
200 0
200 0
200 0
200 0
200 0
200 0
200 0
200 0
200 0
200 0
200 0
200 0
200 0
200 0
200 0
199 1
200 0
200 0
198 2
198 2
196 4
197 3
197 3
186 14
189 11
188 12
184 16
187 13
155 45
154 46
155 45
160 40
158 42
121 79
125 75
111 89
117 83
112 88
76 124
89 111
79 121
81 119
84 116
42 158
41 159
49 151
48 152
43 157
23 177
29 171
30 170
34 166
25 175
18 182
26 174
17 183
25 175
19 181
7 193
8 192
3 197
12 188
9 191
4 196
5 195
7 193
8 192
8 192
3 197
4 196
7 193
1 199
8 192
0 200
3 197
2 198
3 197
4 196
1 199
2 198
3 197
0 200
2 198
1 199
0 200
1 199
0 200
1 199
0 200
0 200
0 200
0 200
1 199
0 200
Tamany del graf: 150.
200 0
200 0
200 0
200 0
200 0
200 0
200 0
200 0
200 0
200 0
200 0
200 0
200 0
200 0
200 0
200 0
200 0
200 0
200 0
200 0
191 9
191 9
194 6
188 12
191 9
147 53
155 45
150 50
143 57
156 44
95 105
104 96
103 97
83 117
84 116
51 149
57 143
46 154
54 146
51 149
20 180
25 175
21 179
16 184
20 180
17 183
12 188
13 187
6 194
17 183
4 196
5 195
4 196
2 198
5 195
0 200
1 199
2 198
1 199
3 197
0 200
4 196
0 200
0 200
1 199
1 199
1 199
0 200
0 200
1 199
0 200
0 200
0 200
0 200
0 200
0 200
0 200
0 200
0 200
0 200
0 200
0 200
0 200
0 200
0 200
0 200
0 200
0 200
0 200
0 200
0 200
0 200
0 200
0 200
0 200
0 200
0 200
0 200
0 200
0 200
0 200
Tamany del graf: 200.
200 0
200 0
200 0
200 0
200 0
200 0
200 0
200 0
200 0
200 0
200 0
200 0
200 0
200 0
200 0
197 3
195 5
191 9
196 4
194 6
146 54
132 68
142 58
137 63
141 59
65 135
72 128
71 129
74 126
68 132
35 165
27 173
35 165
23 177
23 177
12 188
6 194
16 184
9 191
6 194
5 195
4 196
2 198
4 196
3 197
2 198
1 199
1 199
0 200
0 200
1 199
0 200
0 200
0 200
0 200
0 200
0 200
0 200
0 200
0 200
0 200
0 200
0 200
0 200
1 199
0 200
0 200
0 200
0 200
0 200
0 200
0 200
0 200
0 200
0 200
0 200
0 200
0 200
0 200
0 200
0 200
0 200
0 200
0 200
0 200
0 200
0 200
0 200
0 200
0 200
0 200
0 200
0 200
0 200
0 200
0 200
0 200
0 200
0 200
0 200
0 200
Tamany del graf: 250.
200 0
200 0
200 0
200 0
200 0
200 0
200 0
200 0
200 0
200 0
199 1
200 0
200 0
199 1
200 0
155 45
151 49
157 43
155 45
148 52
66 134
63 137
78 122
70 130
75 125
21 179
19 181
26 174
17 183
22 178
7 193
3 197
3 197
4 196
3 197
3 197
1 199
4 196
1 199
0 200
0 200
0 200
0 200
0 200
0 200
0 200
0 200
0 200
0 200
1 199
0 200
0 200
0 200
0 200
0 200
0 200
0 200
0 200
0 200
0 200
0 200
0 200
0 200
0 200
0 200
0 200
0 200
0 200
0 200
0 200
0 200
0 200
0 200
0 200
0 200
0 200
0 200
0 200
0 200
0 200
0 200
0 200
0 200
0 200
0 200
0 200
0 200
0 200
0 200
0 200
0 200
0 200
0 200
0 200
0 200
0 200
0 200
0 200
0 200
0 200
0 200
