Main experimental: Camins comprovar connectivitat connex/ no connex percolacio Nodes.

Calcul del 0 fins 5% de probabilitat augmentat de 0.05 en 0.05

Tamany del graf: 70.
96 104
107 93
89 111
105 95
93 107
99 101
98 102
105 95
90 110
90 110
97 103
105 95
89 111
111 89
98 102
109 91
102 98
100 100
117 83
103 97
163 37
156 44
151 49
148 52
146 54
148 52
158 42
151 49
161 39
155 45
163 37
153 47
149 51
135 65
148 52
151 49
154 46
154 46
169 31
153 47
175 25
174 26
176 24
180 20
179 21
181 19
171 29
175 25
176 24
177 23
174 26
167 33
175 25
171 29
172 28
169 31
183 17
176 24
173 27
170 30
186 14
194 6
188 12
188 12
187 13
188 12
187 13
191 9
182 18
191 9
184 16
191 9
188 12
192 8
187 13
193 7
189 11
193 7
195 5
186 14
198 2
200 0
191 9
196 4
192 8
193 7
197 3
197 3
197 3
194 6
194 6
199 1
195 5
192 8
195 5
198 2
191 9
196 4
198 2
196 4
197 3
Tamany del graf: 100.
128 72
131 69
123 77
125 75
132 68
127 73
133 67
126 74
135 65
133 67
115 85
116 84
123 77
108 92
132 68
125 75
128 72
127 73
120 80
133 67
168 32
169 31
173 27
169 31
173 27
173 27
171 29
174 26
171 29
171 29
170 30
173 27
164 36
171 29
177 23
181 19
182 18
180 20
184 16
173 27
194 6
183 17
194 6
193 7
189 11
193 7
186 14
192 8
185 15
191 9
189 11
188 12
193 7
192 8
191 9
189 11
189 11
192 8
194 6
186 14
196 4
196 4
196 4
197 3
196 4
196 4
196 4
197 3
198 2
194 6
197 3
196 4
195 5
192 8
197 3
199 1
198 2
199 1
197 3
197 3
199 1
199 1
199 1
198 2
198 2
198 2
200 0
200 0
198 2
200 0
199 1
199 1
200 0
199 1
198 2
200 0
197 3
199 1
197 3
197 3
199 1
Tamany del graf: 150.
155 45
156 44
161 39
164 36
153 47
149 51
144 56
151 49
158 42
157 43
147 53
150 50
156 44
145 55
163 37
152 48
146 54
152 48
161 39
158 42
188 12
187 13
191 9
194 6
194 6
189 11
195 5
188 12
193 7
190 10
194 6
192 8
185 15
184 16
184 16
190 10
195 5
192 8
189 11
190 10
196 4
195 5
197 3
200 0
200 0
199 1
199 1
196 4
200 0
199 1
197 3
199 1
197 3
200 0
197 3
197 3
198 2
199 1
197 3
197 3
198 2
200 0
199 1
200 0
200 0
199 1
200 0
200 0
200 0
200 0
200 0
199 1
200 0
199 1
200 0
200 0
199 1
200 0
200 0
199 1
200 0
199 1
200 0
200 0
200 0
200 0
199 1
200 0
200 0
200 0
200 0
200 0
200 0
200 0
200 0
199 1
200 0
200 0
199 1
199 1
200 0
Tamany del graf: 200.
176 24
173 27
174 26
171 29
177 23
171 29
172 28
175 25
167 33
178 22
168 32
167 33
172 28
168 32
171 29
168 32
169 31
182 18
166 34
169 31
196 4
196 4
193 7
197 3
197 3
195 5
197 3
198 2
198 2
198 2
198 2
198 2
198 2
195 5
194 6
195 5
194 6
193 7
197 3
193 7
198 2
200 0
200 0
199 1
200 0
200 0
199 1
200 0
199 1
200 0
200 0
199 1
200 0
200 0
199 1
199 1
200 0
200 0
199 1
200 0
200 0
200 0
200 0
200 0
200 0
200 0
200 0
200 0
200 0
200 0
200 0
200 0
200 0
200 0
200 0
200 0
200 0
200 0
200 0
200 0
200 0
200 0
200 0
200 0
200 0
200 0
200 0
200 0
200 0
200 0
200 0
200 0
200 0
200 0
200 0
200 0
200 0
200 0
200 0
200 0
200 0
Tamany del graf: 250.
188 12
187 13
187 13
184 16
186 14
191 9
187 13
177 23
186 14
190 10
186 14
176 24
184 16
180 20
179 21
182 18
175 25
182 18
181 19
183 17
200 0
199 1
199 1
199 1
196 4
199 1
200 0
198 2
200 0
200 0
198 2
200 0
199 1
198 2
198 2
199 1
199 1
199 1
199 1
199 1
200 0
200 0
200 0
200 0
200 0
200 0
200 0
200 0
200 0
200 0
200 0
200 0
200 0
200 0
200 0
200 0
200 0
200 0
200 0
200 0
200 0
200 0
200 0
200 0
200 0
200 0
200 0
200 0
200 0
200 0
200 0
200 0
200 0
200 0
200 0
200 0
200 0
200 0
200 0
200 0
200 0
200 0
200 0
200 0
199 1
200 0
200 0
200 0
200 0
200 0
200 0
200 0
200 0
200 0
200 0
200 0
200 0
200 0
200 0
200 0
200 0
