Main experimental: Grafs bipartits comprovar connectivitat connex/ no connex.
Tamany del graf: 10.
200 0
200 0
200 0
200 0
200 0
200 0
200 0
200 0
200 0
200 0
200 0
200 0
200 0
200 0
200 0
200 0
200 0
197 3
200 0
199 1
194 6
194 6
192 8
190 10
188 12
191 9
190 10
171 29
178 22
177 23
169 31
157 43
153 47
154 46
151 49
142 58
136 64
135 65
136 64
112 88
110 90
99 101
101 99
82 118
86 114
78 122
68 132
72 128
59 141
73 127
56 144
47 153
37 163
37 163
32 168
35 165
24 176
26 174
27 173
25 175
18 182
18 182
17 183
11 189
9 191
12 188
6 194
3 197
10 190
3 197
6 194
8 192
2 198
2 198
1 199
2 198
0 200
1 199
0 200
0 200
0 200
0 200
0 200
1 199
0 200
0 200
0 200
0 200
0 200
0 200
0 200
0 200
0 200
0 200
0 200
0 200
0 200
0 200
0 200
0 200
0 200
Tamany del graf: 30.
200 0
200 0
200 0
200 0
200 0
200 0
200 0
200 0
200 0
200 0
200 0
198 2
200 0
193 7
189 11
182 18
163 37
153 47
155 45
142 58
112 88
119 81
112 88
76 124
75 125
52 148
31 169
35 165
37 163
28 172
17 183
28 172
15 185
13 187
11 189
3 197
3 197
8 192
2 198
2 198
2 198
1 199
2 198
2 198
1 199
0 200
0 200
0 200
0 200
0 200
0 200
0 200
0 200
0 200
0 200
0 200
0 200
0 200
0 200
0 200
0 200
0 200
0 200
0 200
0 200
0 200
0 200
0 200
0 200
0 200
0 200
0 200
0 200
0 200
0 200
0 200
0 200
0 200
0 200
0 200
0 200
0 200
0 200
0 200
0 200
0 200
0 200
0 200
0 200
0 200
0 200
0 200
0 200
0 200
0 200
0 200
0 200
0 200
0 200
0 200
0 200
Tamany del graf: 70.
200 0
200 0
200 0
200 0
200 0
200 0
199 1
198 2
184 16
165 35
144 56
116 84
72 128
68 132
39 161
34 166
17 183
17 183
4 196
9 191
3 197
5 195
3 197
0 200
0 200
0 200
0 200
0 200
0 200
0 200
0 200
0 200
0 200
0 200
0 200
0 200
0 200
0 200
0 200
0 200
0 200
0 200
0 200
0 200
0 200
0 200
0 200
0 200
0 200
0 200
0 200
0 200
0 200
0 200
0 200
0 200
0 200
0 200
0 200
0 200
0 200
0 200
0 200
0 200
0 200
0 200
0 200
0 200
0 200
0 200
0 200
0 200
0 200
0 200
0 200
0 200
0 200
0 200
0 200
0 200
0 200
0 200
0 200
0 200
0 200
0 200
0 200
0 200
0 200
0 200
0 200
0 200
0 200
0 200
0 200
0 200
0 200
0 200
0 200
0 200
0 200
Tamany del graf: 100.
200 0
200 0
200 0
200 0
200 0
196 4
185 15
156 44
126 74
81 119
44 156
31 169
15 185
15 185
3 197
1 199
2 198
1 199
1 199
0 200
0 200
0 200
0 200
0 200
0 200
0 200
0 200
0 200
0 200
0 200
0 200
0 200
0 200
0 200
0 200
0 200
0 200
0 200
0 200
0 200
0 200
0 200
0 200
0 200
0 200
0 200
0 200
0 200
0 200
0 200
0 200
0 200
0 200
0 200
0 200
0 200
0 200
0 200
0 200
0 200
0 200
0 200
0 200
0 200
0 200
0 200
0 200
0 200
0 200
0 200
0 200
0 200
0 200
0 200
0 200
0 200
0 200
0 200
0 200
0 200
0 200
0 200
0 200
0 200
0 200
0 200
0 200
0 200
0 200
0 200
0 200
0 200
0 200
0 200
0 200
0 200
0 200
0 200
0 200
0 200
0 200
Tamany del graf: 150.
200 0
200 0
200 0
199 1
193 7
146 54
107 93
53 147
20 180
3 197
1 199
2 198
1 199
1 199
1 199
0 200
0 200
0 200
0 200
0 200
0 200
0 200
0 200
0 200
0 200
0 200
0 200
0 200
0 200
0 200
0 200
0 200
0 200
0 200
0 200
0 200
0 200
0 200
0 200
0 200
0 200
0 200
0 200
0 200
0 200
0 200
0 200
0 200
0 200
0 200
0 200
0 200
0 200
0 200
0 200
0 200
0 200
0 200
0 200
0 200
0 200
0 200
0 200
0 200
0 200
0 200
0 200
0 200
0 200
0 200
0 200
0 200
0 200
0 200
0 200
0 200
0 200
0 200
0 200
0 200
0 200
0 200
0 200
0 200
0 200
0 200
0 200
0 200
0 200
0 200
0 200
0 200
0 200
0 200
0 200
0 200
0 200
0 200
0 200
0 200
0 200
Tamany del graf: 200.
200 0
200 0
200 0
192 8
126 74
71 129
27 173
7 193
2 198
2 198
0 200
0 200
0 200
0 200
0 200
0 200
0 200
0 200
0 200
0 200
0 200
0 200
0 200
0 200
0 200
0 200
0 200
0 200
0 200
0 200
0 200
0 200
0 200
0 200
0 200
0 200
0 200
0 200
0 200
0 200
0 200
0 200
0 200
0 200
0 200
0 200
0 200
0 200
0 200
0 200
0 200
0 200
0 200
0 200
0 200
0 200
0 200
0 200
0 200
0 200
0 200
0 200
0 200
0 200
0 200
0 200
0 200
0 200
0 200
0 200
0 200
0 200
0 200
0 200
0 200
0 200
0 200
0 200
0 200
0 200
0 200
0 200
0 200
0 200
0 200
0 200
0 200
0 200
0 200
0 200
0 200
0 200
0 200
0 200
0 200
0 200
0 200
0 200
0 200
0 200
0 200
Tamany del graf: 250.
200 0
200 0
199 1
156 44
66 134
24 176
8 192
2 198
1 199
0 200
0 200
0 200
0 200
0 200
0 200
0 200
0 200
0 200
0 200
0 200
0 200
0 200
0 200
0 200
0 200
0 200
0 200
0 200
0 200
0 200
0 200
0 200
0 200
0 200
0 200
0 200
0 200
0 200
0 200
0 200
0 200
0 200
0 200
0 200
0 200
0 200
0 200
0 200
0 200
0 200
0 200
0 200
0 200
0 200
0 200
0 200
0 200
0 200
0 200
0 200
0 200
0 200
0 200
0 200
0 200
0 200
0 200
0 200
0 200
0 200
0 200
0 200
0 200
0 200
0 200
0 200
0 200
0 200
0 200
0 200
0 200
0 200
0 200
0 200
0 200
0 200
0 200
0 200
0 200
0 200
0 200
0 200
0 200
0 200
0 200
0 200
0 200
0 200
0 200
0 200
0 200
