Main experimental: Arbres binaris comprovar connectivitat connex/ no connex percolacio NODES.
Tamany del graf: 10.
21 179
39 161
51 149
81 119
84 116
77 123
110 90
108 92
114 86
131 69
131 69
152 48
156 44
153 47
165 35
169 31
175 25
180 20
177 23
175 25
180 20
175 25
183 17
189 11
190 10
190 10
190 10
196 4
194 6
192 8
197 3
195 5
192 8
196 4
198 2
196 4
195 5
198 2
199 1
196 4
200 0
200 0
199 1
200 0
199 1
200 0
200 0
200 0
200 0
198 2
200 0
200 0
200 0
200 0
200 0
200 0
200 0
200 0
200 0
200 0
200 0
200 0
200 0
200 0
200 0
200 0
200 0
200 0
200 0
200 0
200 0
200 0
200 0
200 0
200 0
200 0
200 0
200 0
200 0
200 0
200 0
200 0
200 0
200 0
200 0
200 0
200 0
200 0
200 0
200 0
200 0
200 0
200 0
200 0
200 0
200 0
200 0
200 0
200 0
200 0
200 0
Tamany del graf: 30.
58 142
94 106
110 90
143 57
172 28
169 31
184 16
174 26
189 11
193 7
194 6
192 8
198 2
198 2
199 1
200 0
200 0
198 2
200 0
199 1
200 0
200 0
200 0
200 0
200 0
200 0
199 1
200 0
200 0
200 0
200 0
200 0
200 0
200 0
200 0
200 0
200 0
200 0
200 0
200 0
200 0
200 0
200 0
200 0
200 0
200 0
200 0
200 0
200 0
200 0
200 0
200 0
200 0
200 0
200 0
200 0
200 0
200 0
200 0
200 0
200 0
200 0
200 0
200 0
200 0
200 0
200 0
200 0
200 0
200 0
200 0
200 0
200 0
200 0
200 0
200 0
200 0
200 0
200 0
200 0
200 0
200 0
200 0
200 0
200 0
200 0
200 0
200 0
200 0
200 0
200 0
200 0
200 0
200 0
200 0
200 0
200 0
200 0
200 0
200 0
200 0
Tamany del graf: 70.
96 104
154 46
178 22
185 15
194 6
200 0
199 1
199 1
199 1
200 0
200 0
200 0
200 0
200 0
200 0
200 0
200 0
200 0
200 0
200 0
200 0
200 0
200 0
200 0
200 0
200 0
200 0
200 0
200 0
200 0
200 0
200 0
200 0
200 0
200 0
200 0
200 0
200 0
200 0
200 0
200 0
200 0
200 0
200 0
200 0
200 0
200 0
200 0
200 0
200 0
200 0
200 0
200 0
200 0
200 0
200 0
200 0
200 0
200 0
200 0
200 0
200 0
200 0
200 0
200 0
200 0
200 0
200 0
200 0
200 0
200 0
200 0
200 0
200 0
200 0
200 0
200 0
200 0
200 0
200 0
200 0
200 0
200 0
200 0
200 0
200 0
200 0
200 0
200 0
200 0
200 0
200 0
200 0
200 0
200 0
200 0
200 0
200 0
200 0
200 0
200 0
Tamany del graf: 100.
128 72
173 27
192 8
195 5
195 5
200 0
200 0
200 0
200 0
200 0
200 0
200 0
200 0
200 0
200 0
200 0
200 0
200 0
200 0
200 0
200 0
200 0
200 0
200 0
200 0
200 0
200 0
200 0
200 0
200 0
200 0
200 0
200 0
200 0
200 0
200 0
200 0
200 0
200 0
200 0
200 0
200 0
200 0
200 0
200 0
200 0
200 0
200 0
200 0
200 0
200 0
200 0
200 0
200 0
200 0
200 0
200 0
200 0
200 0
200 0
200 0
200 0
200 0
200 0
200 0
200 0
200 0
200 0
200 0
200 0
200 0
200 0
200 0
200 0
200 0
200 0
200 0
200 0
200 0
200 0
200 0
200 0
200 0
200 0
200 0
200 0
200 0
200 0
200 0
200 0
200 0
200 0
200 0
200 0
200 0
200 0
200 0
200 0
200 0
200 0
200 0
Tamany del graf: 150.
156 44
190 10
199 1
199 1
200 0
200 0
200 0
200 0
200 0
200 0
200 0
200 0
200 0
200 0
200 0
200 0
200 0
200 0
200 0
200 0
200 0
200 0
200 0
200 0
200 0
200 0
200 0
200 0
200 0
200 0
200 0
200 0
200 0
200 0
200 0
200 0
200 0
200 0
200 0
200 0
200 0
200 0
200 0
200 0
200 0
200 0
200 0
200 0
200 0
200 0
200 0
200 0
200 0
200 0
200 0
200 0
200 0
200 0
200 0
200 0
200 0
200 0
200 0
200 0
200 0
200 0
200 0
200 0
200 0
200 0
200 0
200 0
200 0
200 0
200 0
200 0
200 0
200 0
200 0
200 0
200 0
200 0
200 0
200 0
200 0
200 0
200 0
200 0
200 0
200 0
200 0
200 0
200 0
200 0
200 0
200 0
200 0
200 0
200 0
200 0
200 0
Tamany del graf: 200.
172 28
194 6
200 0
199 1
200 0
200 0
200 0
200 0
200 0
200 0
200 0
200 0
200 0
200 0
200 0
200 0
200 0
200 0
200 0
200 0
200 0
200 0
200 0
200 0
200 0
200 0
200 0
200 0
200 0
200 0
200 0
200 0
200 0
200 0
200 0
200 0
200 0
200 0
200 0
200 0
200 0
200 0
200 0
200 0
200 0
200 0
200 0
200 0
200 0
200 0
200 0
200 0
200 0
200 0
200 0
200 0
200 0
200 0
200 0
200 0
200 0
200 0
200 0
200 0
200 0
200 0
200 0
200 0
200 0
200 0
200 0
200 0
200 0
200 0
200 0
200 0
200 0
200 0
200 0
200 0
200 0
200 0
200 0
200 0
200 0
200 0
200 0
200 0
200 0
200 0
200 0
200 0
200 0
200 0
200 0
200 0
200 0
200 0
200 0
200 0
200 0
Tamany del graf: 250.
181 19
200 0
200 0
200 0
200 0
200 0
200 0
200 0
200 0
200 0
200 0
200 0
200 0
200 0
200 0
200 0
200 0
200 0
200 0
200 0
200 0
200 0
200 0
200 0
200 0
200 0
200 0
200 0
200 0
200 0
200 0
200 0
200 0
200 0
200 0
200 0
200 0
200 0
200 0
200 0
200 0
200 0
200 0
200 0
200 0
200 0
200 0
200 0
200 0
200 0
200 0
200 0
200 0
200 0
200 0
200 0
200 0
200 0
200 0
200 0
200 0
200 0
200 0
200 0
200 0
200 0
200 0
200 0
200 0
200 0
200 0
200 0
200 0
200 0
200 0
200 0
200 0
200 0
200 0
200 0
200 0
200 0
200 0
200 0
200 0
200 0
200 0
200 0
200 0
200 0
200 0
200 0
200 0
200 0
200 0
200 0
200 0
200 0
200 0
200 0
200 0
