Main experimental: Arbres binaris comprovar connectivitat connex/ no connex percolacio ARESTES.

Calcul del 0 fins 5% de probabilitat augmentat de 0.05 en 0.05

Tamany del graf: 70.
89 111
109 91
114 86
98 102
100 100
93 107
110 90
92 108
98 102
96 104
108 92
118 82
96 104
101 99
102 98
107 93
102 98
85 115
108 92
112 88
157 43
151 49
151 49
141 59
158 42
151 49
135 65
143 57
155 45
150 50
149 51
149 51
152 48
158 42
158 42
147 53
148 52
161 39
145 55
150 50
166 34
174 26
181 19
183 17
171 29
170 30
182 18
180 20
167 33
174 26
180 20
172 28
180 20
176 24
174 26
178 22
173 27
180 20
173 27
176 24
188 12
187 13
187 13
186 14
187 13
190 10
183 17
189 11
189 11
187 13
186 14
190 10
184 16
191 9
187 13
186 14
183 17
188 12
192 8
187 13
199 1
191 9
194 6
197 3
195 5
190 10
196 4
193 7
193 7
195 5
191 9
191 9
194 6
197 3
193 7
195 5
199 1
195 5
191 9
190 10
197 3
Tamany del graf: 100.
120 80
128 72
119 81
115 85
121 79
129 71
132 68
127 73
126 74
126 74
125 75
130 70
131 69
123 77
126 74
132 68
137 63
119 81
119 81
109 91
181 19
173 27
173 27
170 30
169 31
174 26
179 21
171 29
170 30
176 24
166 34
173 27
173 27
173 27
171 29
177 23
182 18
172 28
171 29
183 17
193 7
193 7
187 13
190 10
189 11
189 11
190 10
192 8
195 5
189 11
192 8
188 12
192 8
190 10
190 10
185 15
187 13
189 11
194 6
192 8
195 5
200 0
195 5
196 4
195 5
197 3
195 5
194 6
198 2
197 3
195 5
196 4
197 3
195 5
198 2
198 2
194 6
195 5
197 3
197 3
200 0
198 2
197 3
198 2
200 0
200 0
200 0
199 1
195 5
199 1
200 0
200 0
197 3
199 1
199 1
200 0
200 0
198 2
200 0
200 0
199 1
Tamany del graf: 150.
163 37
145 55
144 56
143 57
150 50
158 42
157 43
150 50
159 41
156 44
157 43
154 46
153 47
152 48
149 51
155 45
149 51
163 37
161 39
158 42
193 7
189 11
189 11
194 6
187 13
187 13
193 7
190 10
192 8
190 10
190 10
193 7
193 7
191 9
192 8
191 9
190 10
191 9
191 9
185 15
198 2
198 2
199 1
199 1
197 3
197 3
199 1
196 4
200 0
200 0
198 2
198 2
196 4
197 3
199 1
197 3
198 2
197 3
200 0
199 1
200 0
200 0
200 0
200 0
197 3
200 0
198 2
199 1
200 0
199 1
198 2
200 0
200 0
199 1
200 0
200 0
199 1
200 0
200 0
198 2
200 0
200 0
200 0
200 0
200 0
200 0
200 0
200 0
200 0
197 3
200 0
200 0
200 0
200 0
200 0
200 0
200 0
199 1
200 0
200 0
200 0
Tamany del graf: 200.
175 25
183 17
176 24
176 24
169 31
176 24
182 18
179 21
180 20
173 27
176 24
167 33
173 27
170 30
176 24
174 26
175 25
172 28
172 28
172 28
198 2
195 5
198 2
192 8
196 4
197 3
196 4
196 4
197 3
199 1
196 4
197 3
194 6
197 3
198 2
198 2
198 2
197 3
194 6
194 6
200 0
200 0
199 1
200 0
200 0
199 1
199 1
199 1
200 0
199 1
200 0
200 0
200 0
200 0
199 1
200 0
199 1
199 1
199 1
200 0
200 0
200 0
200 0
200 0
200 0
199 1
200 0
200 0
200 0
200 0
199 1
200 0
200 0
200 0
200 0
200 0
200 0
199 1
200 0
200 0
200 0
200 0
200 0
200 0
200 0
200 0
200 0
200 0
200 0
200 0
200 0
200 0
200 0
200 0
200 0
200 0
200 0
200 0
200 0
200 0
200 0
Tamany del graf: 250.
188 12
186 14
184 16
183 17
183 17
186 14
183 17
178 22
184 16
181 19
180 20
188 12
182 18
175 25
180 20
185 15
179 21
189 11
187 13
187 13
196 4
200 0
198 2
200 0
199 1
200 0
198 2
199 1
199 1
198 2
200 0
198 2
198 2
198 2
200 0
198 2
199 1
199 1
198 2
197 3
200 0
200 0
200 0
199 1
200 0
200 0
200 0
200 0
200 0
200 0
200 0
199 1
200 0
200 0
200 0
199 1
200 0
200 0
200 0
200 0
200 0
200 0
200 0
200 0
200 0
200 0
200 0
200 0
200 0
200 0
200 0
200 0
200 0
200 0
200 0
200 0
200 0
200 0
200 0
200 0
200 0
200 0
200 0
200 0
200 0
200 0
200 0
200 0
200 0
200 0
200 0
200 0
200 0
200 0
200 0
200 0
200 0
200 0
200 0
200 0
200 0
