Main experimental: Camins comprovar connectivitat connex/ no connex percolacio Nodes.
Tamany del graf: 10.
22 178
39 161
50 150
55 145
89 111
105 95
97 103
118 82
120 80
134 66
140 60
141 59
158 42
156 44
163 37
162 38
175 25
185 15
174 26
176 24
181 19
181 19
182 18
190 10
188 12
186 14
196 4
193 7
196 4
192 8
195 5
196 4
194 6
197 3
196 4
199 1
197 3
199 1
199 1
199 1
198 2
198 2
200 0
199 1
200 0
200 0
200 0
198 2
199 1
200 0
200 0
200 0
200 0
200 0
200 0
200 0
200 0
200 0
200 0
199 1
200 0
200 0
200 0
200 0
200 0
200 0
200 0
200 0
200 0
200 0
200 0
200 0
200 0
200 0
200 0
200 0
200 0
200 0
200 0
200 0
200 0
200 0
200 0
200 0
200 0
200 0
200 0
200 0
200 0
200 0
200 0
200 0
200 0
200 0
200 0
200 0
200 0
200 0
200 0
200 0
200 0
Tamany del graf: 30.
62 138
96 104
137 63
150 50
158 42
169 31
180 20
190 10
193 7
195 5
195 5
193 7
195 5
197 3
199 1
198 2
196 4
200 0
200 0
198 2
200 0
200 0
200 0
200 0
199 1
200 0
200 0
200 0
200 0
200 0
200 0
200 0
200 0
200 0
200 0
200 0
200 0
200 0
200 0
200 0
200 0
200 0
200 0
200 0
200 0
200 0
200 0
200 0
200 0
200 0
200 0
200 0
200 0
200 0
200 0
200 0
200 0
200 0
200 0
200 0
200 0
200 0
200 0
200 0
200 0
200 0
200 0
200 0
200 0
200 0
200 0
200 0
200 0
200 0
200 0
200 0
200 0
200 0
200 0
200 0
200 0
200 0
200 0
200 0
200 0
200 0
200 0
200 0
200 0
200 0
200 0
200 0
200 0
200 0
200 0
200 0
200 0
200 0
200 0
200 0
200 0
Tamany del graf: 70.
102 98
152 48
172 28
191 9
195 5
196 4
200 0
200 0
200 0
200 0
200 0
200 0
200 0
200 0
200 0
200 0
200 0
200 0
200 0
200 0
200 0
200 0
200 0
200 0
200 0
200 0
200 0
200 0
200 0
200 0
200 0
200 0
200 0
200 0
200 0
200 0
200 0
200 0
200 0
200 0
200 0
200 0
200 0
200 0
200 0
200 0
200 0
200 0
200 0
200 0
200 0
200 0
200 0
200 0
200 0
200 0
200 0
200 0
200 0
200 0
200 0
200 0
200 0
200 0
200 0
200 0
200 0
200 0
200 0
200 0
200 0
200 0
200 0
200 0
200 0
200 0
200 0
200 0
200 0
200 0
200 0
200 0
200 0
200 0
200 0
200 0
200 0
200 0
200 0
200 0
200 0
200 0
200 0
200 0
200 0
200 0
200 0
200 0
200 0
200 0
200 0
Tamany del graf: 100.
140 60
173 27
187 13
198 2
198 2
200 0
200 0
200 0
200 0
200 0
200 0
200 0
200 0
200 0
200 0
200 0
200 0
200 0
200 0
200 0
200 0
200 0
200 0
200 0
200 0
200 0
200 0
200 0
200 0
200 0
200 0
200 0
200 0
200 0
200 0
200 0
200 0
200 0
200 0
200 0
200 0
200 0
200 0
200 0
200 0
200 0
200 0
200 0
200 0
200 0
200 0
200 0
200 0
200 0
200 0
200 0
200 0
200 0
200 0
200 0
200 0
200 0
200 0
200 0
200 0
200 0
200 0
200 0
200 0
200 0
200 0
200 0
200 0
200 0
200 0
200 0
200 0
200 0
200 0
200 0
200 0
200 0
200 0
200 0
200 0
200 0
200 0
200 0
200 0
200 0
200 0
200 0
200 0
200 0
200 0
200 0
200 0
200 0
200 0
200 0
200 0
Tamany del graf: 150.
164 36
189 11
198 2
200 0
200 0
200 0
200 0
200 0
200 0
200 0
200 0
200 0
200 0
200 0
200 0
200 0
200 0
200 0
200 0
200 0
200 0
200 0
200 0
200 0
200 0
200 0
200 0
200 0
200 0
200 0
200 0
200 0
200 0
200 0
200 0
200 0
200 0
200 0
200 0
200 0
200 0
200 0
200 0
200 0
200 0
200 0
200 0
200 0
200 0
200 0
200 0
200 0
200 0
200 0
200 0
200 0
200 0
200 0
200 0
200 0
200 0
200 0
200 0
200 0
200 0
200 0
200 0
200 0
200 0
200 0
200 0
200 0
200 0
200 0
200 0
200 0
200 0
200 0
200 0
200 0
200 0
200 0
200 0
200 0
200 0
200 0
200 0
200 0
200 0
200 0
200 0
200 0
200 0
200 0
200 0
200 0
200 0
200 0
200 0
200 0
200 0
Tamany del graf: 200.
175 25
199 1
200 0
200 0
200 0
200 0
200 0
200 0
200 0
200 0
200 0
200 0
200 0
200 0
200 0
200 0
200 0
200 0
200 0
200 0
200 0
200 0
200 0
200 0
200 0
200 0
200 0
200 0
200 0
200 0
200 0
200 0
200 0
200 0
200 0
200 0
200 0
200 0
200 0
200 0
200 0
200 0
200 0
200 0
200 0
200 0
200 0
200 0
200 0
200 0
200 0
200 0
200 0
200 0
200 0
200 0
200 0
200 0
200 0
200 0
200 0
200 0
200 0
200 0
200 0
200 0
200 0
200 0
200 0
200 0
200 0
200 0
200 0
200 0
200 0
200 0
200 0
200 0
200 0
200 0
200 0
200 0
200 0
200 0
200 0
200 0
200 0
200 0
200 0
200 0
200 0
200 0
200 0
200 0
200 0
200 0
200 0
200 0
200 0
200 0
200 0
Tamany del graf: 250.
188 12
197 3
200 0
200 0
200 0
200 0
200 0
200 0
200 0
200 0
200 0
200 0
200 0
200 0
200 0
200 0
200 0
200 0
200 0
200 0
200 0
200 0
200 0
200 0
200 0
200 0
200 0
200 0
200 0
200 0
200 0
200 0
200 0
200 0
200 0
200 0
200 0
200 0
200 0
200 0
200 0
200 0
200 0
200 0
200 0
200 0
200 0
200 0
200 0
200 0
200 0
200 0
200 0
200 0
200 0
200 0
200 0
200 0
200 0
200 0
200 0
200 0
200 0
200 0
200 0
200 0
200 0
200 0
200 0
200 0
200 0
200 0
200 0
200 0
200 0
200 0
200 0
200 0
200 0
200 0
200 0
200 0
200 0
200 0
200 0
200 0
200 0
200 0
200 0
200 0
200 0
200 0
200 0
200 0
200 0
200 0
200 0
200 0
200 0
200 0
200 0
