Main experimental: Arbres binaris comprovar connectivitat connex/ no connex percolacio NODES.

Calcul del 0 fins 5% de probabilitat augmentat de 0.05 en 0.05

Tamany del graf: 70.
81 119
90 110
107 93
112 88
109 91
98 102
90 110
96 104
96 104
107 93
97 103
93 107
100 100
118 82
101 99
103 97
93 107
107 93
111 89
101 99
149 51
162 38
155 45
150 50
154 46
154 46
154 46
149 51
163 37
148 52
160 40
160 40
152 48
147 53
152 48
157 43
152 48
144 56
150 50
150 50
182 18
174 26
180 20
175 25
182 18
176 24
176 24
176 24
181 19
179 21
174 26
170 30
181 19
182 18
177 23
181 19
174 26
169 31
176 24
182 18
187 13
183 17
183 17
193 7
185 15
196 4
188 12
189 11
191 9
187 13
196 4
188 12
185 15
190 10
190 10
190 10
186 14
188 12
191 9
193 7
193 7
195 5
198 2
194 6
191 9
196 4
197 3
190 10
194 6
198 2
195 5
189 11
196 4
196 4
200 0
196 4
195 5
188 12
192 8
198 2
198 2
Tamany del graf: 100.
121 79
118 82
126 74
137 63
126 74
127 73
131 69
127 73
126 74
130 70
132 68
134 66
121 79
108 92
127 73
123 77
135 65
116 84
128 72
121 79
166 34
166 34
175 25
164 36
183 17
173 27
169 31
176 24
173 27
180 20
175 25
173 27
188 12
173 27
176 24
174 26
172 28
175 25
181 19
178 22
189 11
191 9
188 12
189 11
192 8
190 10
193 7
190 10
194 6
188 12
197 3
187 13
188 12
187 13
189 11
194 6
193 7
192 8
189 11
195 5
195 5
197 3
196 4
200 0
197 3
198 2
195 5
197 3
197 3
196 4
200 0
198 2
197 3
194 6
191 9
199 1
197 3
196 4
196 4
197 3
198 2
199 1
200 0
200 0
199 1
198 2
199 1
198 2
199 1
199 1
197 3
199 1
200 0
197 3
199 1
199 1
198 2
199 1
198 2
200 0
200 0
Tamany del graf: 150.
155 45
144 56
165 35
148 52
161 39
159 41
159 41
157 43
151 49
164 36
147 53
150 50
158 42
162 38
157 43
149 51
151 49
159 41
158 42
155 45
189 11
191 9
188 12
195 5
191 9
193 7
188 12
196 4
189 11
190 10
189 11
188 12
191 9
187 13
196 4
195 5
192 8
189 11
193 7
185 15
199 1
200 0
199 1
199 1
198 2
197 3
197 3
199 1
196 4
199 1
197 3
199 1
195 5
198 2
199 1
197 3
198 2
198 2
196 4
198 2
200 0
199 1
200 0
200 0
200 0
199 1
200 0
198 2
200 0
200 0
200 0
200 0
198 2
200 0
199 1
199 1
200 0
199 1
200 0
200 0
200 0
200 0
199 1
200 0
200 0
200 0
200 0
200 0
200 0
200 0
200 0
200 0
200 0
200 0
199 1
200 0
200 0
200 0
200 0
200 0
200 0
Tamany del graf: 200.
171 29
169 31
172 28
174 26
176 24
179 21
174 26
165 35
171 29
174 26
176 24
175 25
173 27
179 21
176 24
172 28
173 27
173 27
174 26
169 31
196 4
195 5
195 5
192 8
196 4
198 2
196 4
197 3
197 3
197 3
195 5
198 2
197 3
197 3
195 5
193 7
199 1
197 3
197 3
193 7
200 0
199 1
200 0
200 0
200 0
200 0
200 0
200 0
200 0
197 3
199 1
199 1
199 1
200 0
200 0
200 0
200 0
199 1
200 0
200 0
200 0
200 0
200 0
200 0
200 0
200 0
200 0
200 0
200 0
200 0
200 0
200 0
200 0
200 0
200 0
200 0
200 0
200 0
200 0
200 0
200 0
200 0
200 0
200 0
200 0
200 0
200 0
200 0
200 0
200 0
200 0
200 0
200 0
200 0
200 0
200 0
200 0
200 0
200 0
200 0
200 0
Tamany del graf: 250.
186 14
186 14
171 29
181 19
185 15
178 22
184 16
186 14
180 20
186 14
188 12
188 12
182 18
183 17
183 17
182 18
176 24
175 25
187 13
187 13
198 2
200 0
198 2
200 0
198 2
199 1
199 1
199 1
197 3
200 0
199 1
197 3
200 0
199 1
198 2
200 0
200 0
198 2
198 2
198 2
199 1
200 0
200 0
200 0
200 0
200 0
200 0
200 0
200 0
200 0
200 0
200 0
200 0
199 1
198 2
200 0
200 0
199 1
200 0
200 0
200 0
200 0
200 0
200 0
200 0
200 0
200 0
200 0
200 0
200 0
200 0
200 0
200 0
200 0
200 0
200 0
200 0
200 0
200 0
200 0
200 0
200 0
200 0
199 1
200 0
200 0
200 0
200 0
200 0
200 0
200 0
200 0
200 0
200 0
200 0
200 0
200 0
200 0
200 0
200 0
200 0
