Main experimental: Arbres binaris comprovar connectivitat connex/ no connex percolacio ARESTES.

Calcul del 0 fins 5% de probabilitat augmentat de 0.05 en 0.05

Tamany del graf: 70.
93 107
99 101
102 98
114 86
105 95
92 108
103 97
107 93
111 89
105 95
106 94
97 103
104 96
105 95
106 94
103 97
97 103
91 109
99 101
103 97
150 50
143 57
143 57
144 56
154 46
164 36
161 39
146 54
160 40
146 54
150 50
153 47
146 54
153 47
149 51
147 53
150 50
151 49
137 63
157 43
178 22
176 24
180 20
179 21
177 23
168 32
174 26
173 27
170 30
177 23
177 23
179 21
176 24
177 23
174 26
168 32
179 21
180 20
176 24
178 22
192 8
192 8
182 18
189 11
194 6
187 13
184 16
191 9
188 12
185 15
192 8
185 15
183 17
192 8
190 10
184 16
191 9
189 11
192 8
191 9
195 5
192 8
193 7
193 7
195 5
191 9
197 3
193 7
188 12
197 3
197 3
192 8
193 7
195 5
186 14
196 4
197 3
196 4
192 8
192 8
198 2
Tamany del graf: 100.
130 70
125 75
133 67
122 78
126 74
123 77
124 76
104 96
125 75
130 70
126 74
139 61
131 69
115 85
128 72
135 65
131 69
130 70
124 76
129 71
170 30
166 34
169 31
165 35
171 29
178 22
178 22
183 17
171 29
183 17
171 29
174 26
166 34
175 25
159 41
167 33
180 20
179 21
172 28
168 32
189 11
194 6
195 5
193 7
189 11
191 9
191 9
191 9
187 13
189 11
190 10
191 9
190 10
185 15
188 12
195 5
187 13
185 15
190 10
189 11
193 7
198 2
198 2
199 1
194 6
196 4
194 6
193 7
195 5
195 5
197 3
198 2
197 3
196 4
197 3
196 4
197 3
197 3
195 5
195 5
199 1
199 1
199 1
197 3
200 0
199 1
197 3
198 2
199 1
196 4
197 3
200 0
196 4
200 0
199 1
198 2
198 2
199 1
197 3
200 0
200 0
Tamany del graf: 150.
155 45
163 37
155 45
163 37
154 46
157 43
141 59
153 47
159 41
146 54
157 43
154 46
153 47
152 48
155 45
156 44
157 43
156 44
157 43
158 42
191 9
191 9
191 9
191 9
190 10
188 12
193 7
181 19
190 10
187 13
185 15
191 9
188 12
193 7
189 11
190 10
194 6
187 13
182 18
190 10
199 1
200 0
199 1
200 0
196 4
195 5
195 5
195 5
197 3
194 6
198 2
196 4
200 0
198 2
198 2
197 3
198 2
198 2
198 2
199 1
200 0
198 2
200 0
200 0
200 0
199 1
200 0
200 0
200 0
200 0
200 0
198 2
199 1
200 0
200 0
198 2
200 0
199 1
200 0
199 1
200 0
200 0
200 0
200 0
200 0
200 0
200 0
200 0
200 0
200 0
200 0
200 0
200 0
200 0
200 0
200 0
200 0
200 0
199 1
200 0
200 0
Tamany del graf: 200.
170 30
166 34
174 26
173 27
172 28
171 29
180 20
168 32
175 25
169 31
165 35
171 29
174 26
173 27
167 33
164 36
169 31
171 29
178 22
174 26
195 5
196 4
198 2
195 5
198 2
198 2
195 5
198 2
197 3
197 3
198 2
195 5
196 4
200 0
195 5
197 3
199 1
198 2
194 6
194 6
200 0
200 0
200 0
200 0
200 0
200 0
200 0
200 0
200 0
200 0
199 1
200 0
200 0
200 0
200 0
200 0
200 0
198 2
200 0
200 0
200 0
200 0
200 0
200 0
200 0
200 0
200 0
200 0
200 0
200 0
200 0
200 0
200 0
200 0
200 0
200 0
200 0
200 0
200 0
200 0
200 0
200 0
200 0
200 0
200 0
200 0
200 0
200 0
200 0
200 0
200 0
200 0
200 0
200 0
200 0
200 0
200 0
200 0
200 0
200 0
200 0
Tamany del graf: 250.
187 13
191 9
185 15
185 15
179 21
182 18
185 15
181 19
183 17
185 15
185 15
186 14
187 13
186 14
180 20
183 17
187 13
174 26
176 24
183 17
199 1
199 1
200 0
199 1
200 0
198 2
198 2
199 1
198 2
200 0
195 5
198 2
198 2
198 2
199 1
199 1
198 2
199 1
200 0
199 1
200 0
199 1
200 0
200 0
199 1
200 0
200 0
200 0
200 0
200 0
200 0
200 0
200 0
200 0
200 0
200 0
200 0
200 0
200 0
200 0
200 0
200 0
200 0
200 0
200 0
200 0
200 0
200 0
200 0
200 0
200 0
200 0
200 0
200 0
200 0
200 0
200 0
200 0
200 0
200 0
200 0
200 0
200 0
200 0
200 0
200 0
200 0
200 0
200 0
200 0
200 0
200 0
200 0
200 0
200 0
200 0
200 0
200 0
200 0
200 0
200 0
