Main experimental: Model d'Erdos comprovar connectivitat connex/ no connex.

Calcul del 0 fins 10% de probabilitat augmentat de 0.1 en 0.1

Tamany del graf: 70.
200 0
200 0
200 0
200 0
200 0
200 0
200 0
200 0
200 0
200 0
200 0
200 0
200 0
200 0
200 0
200 0
200 0
200 0
200 0
200 0
200 0
200 0
200 0
200 0
200 0
200 0
200 0
200 0
200 0
200 0
200 0
200 0
200 0
200 0
200 0
200 0
200 0
200 0
200 0
200 0
193 7
198 2
199 1
196 4
197 3
200 0
197 3
197 3
197 3
197 3
186 14
170 30
179 21
175 25
177 23
172 28
173 27
173 27
169 31
171 29
133 67
137 63
130 70
118 82
131 69
130 70
132 68
118 82
120 80
125 75
75 125
77 123
73 127
74 126
76 124
76 124
77 123
76 124
78 122
66 134
35 165
41 159
45 155
51 149
44 156
45 155
40 160
43 157
41 159
42 158
19 181
22 178
18 182
23 177
21 179
16 184
17 183
16 184
18 182
18 182
9 191
Tamany del graf: 100.
200 0
200 0
200 0
200 0
200 0
200 0
200 0
200 0
200 0
200 0
200 0
200 0
200 0
200 0
200 0
200 0
200 0
200 0
200 0
200 0
200 0
200 0
200 0
200 0
200 0
200 0
200 0
200 0
200 0
200 0
196 4
199 1
199 1
199 1
196 4
200 0
200 0
198 2
198 2
198 2
174 26
166 34
169 31
167 33
163 37
170 30
174 26
155 45
158 42
164 36
100 100
101 99
94 106
103 97
94 106
94 106
89 111
89 111
97 103
90 110
33 167
37 163
36 164
41 159
33 167
36 164
35 165
46 154
38 162
40 160
14 186
15 185
9 191
11 189
13 187
14 186
14 186
16 184
19 181
14 186
6 194
2 198
4 196
3 197
6 194
4 196
3 197
4 196
8 192
6 194
0 200
1 199
2 198
1 199
0 200
1 199
0 200
3 197
1 199
2 198
2 198
Tamany del graf: 150.
200 0
200 0
200 0
200 0
200 0
200 0
200 0
200 0
200 0
200 0
200 0
200 0
200 0
200 0
200 0
200 0
200 0
200 0
200 0
200 0
200 0
200 0
200 0
200 0
200 0
200 0
200 0
200 0
200 0
200 0
159 41
171 29
168 32
162 38
150 50
161 39
162 38
160 40
157 43
153 47
56 144
60 140
58 142
56 144
70 130
55 145
54 146
52 148
51 149
56 144
15 185
11 189
12 188
13 187
16 184
14 186
16 184
15 185
10 190
15 185
1 199
1 199
1 199
3 197
3 197
3 197
5 195
4 196
2 198
3 197
0 200
1 199
0 200
1 199
0 200
0 200
0 200
1 199
0 200
1 199
0 200
0 200
0 200
1 199
0 200
0 200
0 200
0 200
1 199
0 200
0 200
0 200
0 200
0 200
0 200
0 200
0 200
0 200
0 200
0 200
0 200
Tamany del graf: 200.
200 0
200 0
200 0
200 0
200 0
200 0
200 0
200 0
200 0
200 0
200 0
200 0
200 0
200 0
200 0
200 0
200 0
200 0
200 0
200 0
192 8
195 5
192 8
199 1
195 5
191 9
196 4
192 8
197 3
197 3
78 122
75 125
74 126
78 122
74 126
62 138
67 133
74 126
74 126
81 119
18 182
12 188
12 188
15 185
15 185
10 190
11 189
10 190
15 185
13 187
2 198
3 197
2 198
1 199
0 200
2 198
1 199
1 199
1 199
1 199
0 200
1 199
0 200
1 199
1 199
0 200
0 200
0 200
0 200
0 200
0 200
0 200
0 200
0 200
0 200
0 200
0 200
0 200
1 199
0 200
0 200
0 200
0 200
0 200
0 200
0 200
0 200
0 200
0 200
0 200
0 200
0 200
0 200
0 200
0 200
0 200
0 200
0 200
0 200
0 200
0 200
Tamany del graf: 250.
200 0
200 0
200 0
200 0
200 0
200 0
200 0
200 0
200 0
200 0
200 0
200 0
200 0
200 0
200 0
200 0
200 0
200 0
200 0
200 0
165 35
161 39
153 47
160 40
167 33
158 42
161 39
158 42
164 36
163 37
32 168
23 177
23 177
23 177
23 177
19 181
18 182
24 176
18 182
35 165
2 198
1 199
2 198
1 199
0 200
1 199
3 197
1 199
2 198
1 199
0 200
1 199
0 200
0 200
0 200
0 200
0 200
1 199
1 199
0 200
0 200
0 200
0 200
0 200
0 200
0 200
0 200
0 200
0 200
0 200
0 200
0 200
0 200
0 200
0 200
0 200
0 200
0 200
0 200
0 200
0 200
0 200
0 200
0 200
0 200
0 200
0 200
0 200
0 200
0 200
0 200
0 200
0 200
0 200
0 200
0 200
0 200
0 200
0 200
0 200
0 200
