Main experimental: Model d'Erdos.
Tamany del graf: 150
150 0
101 49
20 130
5 145
0 150
0 150
0 150
0 150
0 150
0 150
0 150
0 150
0 150
0 150
0 150
0 150
0 150
0 150
0 150
0 150
0 150
0 150
0 150
0 150
0 150
0 150
0 150
0 150
0 150
0 150
0 150
0 150
0 150
0 150
0 150
0 150
0 150
0 150
0 150
0 150
0 150
0 150
0 150
0 150
0 150
0 150
0 150
0 150
0 150
0 150
0 150
0 150
0 150
0 150
0 150
0 150
0 150
0 150
0 150
0 150
0 150
0 150
0 150
0 150
0 150
0 150
0 150
0 150
0 150
0 150
0 150
0 150
0 150
0 150
0 150
0 150
0 150
0 150
0 150
0 150
0 150
0 150
0 150
0 150
0 150
0 150
0 150
0 150
0 150
0 150
0 150
0 150
0 150
0 150
0 150
0 150
0 150
0 150
0 150
0 150
0 150
