Main experimental: Model d'Erdos.
Tamany del graf: 10
200 0
199 1
198 2
197 3
195 5
193 7
191 9
190 10
184 16
177 23
164 36
167 33
160 40
146 54
136 64
135 65
128 72
119 81
100 100
83 117
86 114
74 126
65 135
57 143
55 145
48 152
42 158
34 166
31 169
35 165
25 175
21 179
16 184
18 182
12 188
12 188
13 187
13 187
7 193
9 191
6 194
4 196
5 195
0 200
7 193
2 198
1 199
1 199
1 199
0 200
1 199
0 200
0 200
1 199
0 200
1 199
1 199
1 199
1 199
1 199
0 200
0 200
0 200
0 200
0 200
0 200
0 200
0 200
0 200
0 200
0 200
0 200
0 200
0 200
0 200
0 200
0 200
0 200
0 200
0 200
0 200
0 200
0 200
0 200
0 200
0 200
0 200
0 200
0 200
0 200
0 200
0 200
0 200
0 200
0 200
0 200
0 200
0 200
0 200
0 200
0 200
