Main experimental: Model d'Erdos.
Tamany del graf: 100
150 0
147 3
55 95
22 128
4 146
0 150
0 150
0 150
0 150
0 150
0 150
0 150
0 150
0 150
0 150
0 150
0 150
0 150
0 150
0 150
0 150
0 150
0 150
0 150
0 150
0 150
0 150
0 150
0 150
0 150
0 150
0 150
0 150
0 150
0 150
0 150
0 150
0 150
0 150
0 150
0 150
0 150
0 150
0 150
0 150
0 150
0 150
0 150
0 150
0 150
0 150
0 150
0 150
0 150
0 150
0 150
0 150
0 150
0 150
0 150
0 150
0 150
0 150
0 150
0 150
0 150
0 150
0 150
0 150
0 150
0 150
0 150
0 150
0 150
0 150
0 150
0 150
0 150
0 150
0 150
0 150
0 150
0 150
0 150
0 150
0 150
0 150
0 150
0 150
0 150
0 150
0 150
0 150
0 150
0 150
0 150
0 150
0 150
0 150
0 150
0 150
