Main experimental: Model d'Erdos.
Tamany del graf: 30
200 0
199 1
194 6
189 11
170 30
144 56
98 102
75 125
50 150
36 164
29 171
23 177
14 186
10 190
4 196
3 197
2 198
2 198
0 200
1 199
2 198
0 200
0 200
0 200
1 199
0 200
0 200
0 200
0 200
0 200
0 200
0 200
0 200
0 200
0 200
0 200
0 200
0 200
0 200
0 200
0 200
0 200
0 200
0 200
0 200
0 200
0 200
0 200
0 200
0 200
0 200
0 200
0 200
0 200
0 200
0 200
0 200
0 200
0 200
0 200
0 200
0 200
0 200
0 200
0 200
0 200
0 200
0 200
0 200
0 200
0 200
0 200
0 200
0 200
0 200
0 200
0 200
0 200
0 200
0 200
0 200
0 200
0 200
0 200
0 200
0 200
0 200
0 200
0 200
0 200
0 200
0 200
0 200
0 200
0 200
0 200
0 200
0 200
0 200
0 200
0 200
