Main experimental: Model d'Erdos.
Tamany del graf: 200
150 0
52 98
5 145
0 150
0 150
0 150
1 149
0 150
0 150
0 150
0 150
0 150
0 150
0 150
0 150
0 150
0 150
0 150
0 150
0 150
0 150
0 150
0 150
0 150
0 150
0 150
0 150
0 150
0 150
0 150
0 150
0 150
0 150
0 150
0 150
0 150
0 150
0 150
0 150
0 150
0 150
0 150
0 150
0 150
0 150
0 150
0 150
0 150
0 150
0 150
0 150
0 150
0 150
0 150
0 150
0 150
0 150
0 150
0 150
0 150
0 150
0 150
0 150
0 150
0 150
0 150
0 150
0 150
0 150
0 150
0 150
0 150
0 150
0 150
0 150
0 150
0 150
0 150
0 150
0 150
0 150
0 150
0 150
0 150
0 150
0 150
0 150
0 150
0 150
0 150
0 150
0 150
0 150
0 150
0 150
0 150
0 150
0 150
0 150
0 150
0 150
